0.0643414 0.15208 0.986272
-0.143421 -0.0204886 0.98945
0.111143 -0.119917 0.986543
0.104447 0.278525 0.954733
-0.220654 0.185814 0.957489
-0.226678 -0.156931 0.961244
0.084215 -0.272973 0.958329
0.298786 -0.0203058 0.954104
0.154077 0.427991 0.890553
-0.179902 0.411204 0.893615
-0.40897 0.154436 0.899385
-0.394828 -0.180247 0.900901
-0.140034 -0.420102 0.896607
0.199809 -0.405327 0.892069
0.433452 -0.151138 0.888413
0.424585 0.188071 0.885639
0.198003 0.557754 0.806043
-0.0893207 0.580585 0.809286
-0.363498 0.450179 0.815603
-0.537442 0.198742 0.819547
-0.565397 -0.0951658 0.81931
-0.442155 -0.366597 0.8186
-0.192852 -0.547812 0.81407
0.11163 -0.577683 0.808592
0.384885 -0.449033 0.80637
0.557563 -0.20351 0.804803
0.587984 0.0947463 0.803304
0.460217 0.370963 0.80659
0.256268 0.677088 0.689839
0.0308259 0.715485 0.697947
-0.219132 0.68012 0.699584
-0.446762 0.553985 0.702499
-0.618167 0.37252 0.692169
-0.699961 0.134795 0.701346
-0.705748 -0.121681 0.697935
-0.623486 -0.364375 0.691734
-0.479135 -0.551813 0.682592
-0.250182 -0.688674 0.680542
6.34454e-15 -0.736254 0.676705
0.242282 -0.689158 0.682906
0.471891 -0.573777 0.669402
0.640617 -0.377937 0.668411
0.731332 -0.144659 0.666504
0.734504 0.115269 0.668743
0.656543 0.35105 0.667619
0.496356 0.550016 0.67165
0.326924 0.784618 0.526778
0.0817173 0.9419 0.325802
-0.115217 0.844923 0.522331
-0.270689 0.89424 0.356459
-0.522201 0.681465 0.512749
-0.687286 0.515847 0.51141
-0.79496 0.323192 0.513406
-0.854873 0.102462 0.508619
-0.851741 -0.12692 0.508359
-0.816476 -0.139967 0.560157
-0.681961 -0.532448 0.501426
-0.500964 -0.753675 0.425452
-0.327615 -0.803039 0.497792
-0.0958111 -0.865342 0.491939
0.102865 -0.86102 0.49806
0.3316 -0.800414 0.499378
0.520977 -0.700205 0.488156
0.687282 -0.528795 0.498016
0.79723 -0.339928 0.498871
0.855735 -0.129657 0.500905
0.863429 0.0928909 0.495845
0.805916 0.321452 0.49716
0.700991 0.510505 0.497992
0.432267 0.760891 0.483932
0.378144 0.919844 0.104378
0.192892 0.974957 0.11069
-0.0170637 0.993632 0.111372
-0.203468 0.972707 0.111546
-0.399549 0.910448 0.106982
-0.585857 0.801769 0.118057
-0.814697 0.56163 0.14436
-0.910287 0.397017 0.117283
-0.9443 0.306865 0.118875
-0.989187 0.0932699 0.113183
-0.987356 -0.109122 0.114981
-0.9443 -0.306865 0.118875
-0.857327 -0.503925 0.105122
-0.709502 -0.676818 0.196276
-0.584866 -0.80304 0.114274
-0.386564 -0.91596 0.107639
-0.198386 -0.973537 0.113443
0.0117133 -0.995631 0.0926329
0.206315 -0.97263 0.106885
0.39336 -0.915243 0.0871637
0.57675 -0.812635 0.0835671
0.744634 -0.661463 0.0893712
0.867032 -0.490061 0.0899789
0.945762 -0.309819 0.0977096
0.988428 -0.123391 0.0882302
0.993971 0.0712756 0.0833191
0.952825 0.289877 0.0899789
0.879596 0.464322 0.103523
0.765899 0.635423 0.0981642
0.612433 0.782918 0.109388
